Radiante (J2000): 39.921938 41.875155
Vi: 47.12
Vg: 44.42
ar: 40.66
de: 42.15
i:  103.97
p:  0.58
a:  1.11
e:  0.70
q:  0.35
T:  24.59
omega: 311.23
Omega: 167.57
