Radiante (J2000): 39.921938 41.875155
Vi: 55.30
Vg: 54.07
ar: 40.40
de: 42.17
i:  116.90
p:  1.05
a:  -0.89
e:  0.96
q:  0.50
T:  25.41
omega: 282.76
Omega: 167.08
