Radiante (J2000): 67.379240 0.795330
Vi: 41.94
Vg: 40.42
ar: 67.77
de: 0.10
i:  115.89
p:  0.31
a:  0.62
e:  0.71
q:  0.18
T:  25.38
omega: 167.27
Omega: 348.16
