Radiante (J2000): 67.379240 0.795330
Vi: 43.34
Vg: 40.75
ar: 67.76
de: 0.11
i:  116.29
p:  0.32
a:  0.63
e:  0.70
q:  0.19
T:  25.37
omega: 166.29
Omega: 348.64
