Radiante (J2000): 47.784946 40.158225
Vi: 71.71
Vg: 70.82
ar: 47.99
de: 40.30
i:  140.50
p:  2.02
a:  -16.58
e:  1.54
q:  0.78
T:  0.60
omega: 233.32
Omega: 167.16
