Radiante (J2000): 47.784946 40.158225
Vi: 64.96
Vg: 62.71
ar: 48.02
de: 40.30
i:  137.14
p:  1.32
a:  -24.59
e:  0.88
q:  0.70
T:  15.42
omega: 249.89
Omega: 167.64
