Radiante (J2000): 351.825540 16.993470
Vi: 29.46
Vg: 26.26
ar: 349.73
de: 15.62
i:  17.67
p:  0.85
a:  2.32
e:  0.79
q:  0.47
T:  22.26
omega: 281.25
Omega: 168.69
