Radiante (J2000): 351.825540 16.993470
Vi: 29.68
Vg: 27.49
ar: 349.89
de: 15.73
i:  18.79
p:  0.83
a:  2.55
e:  0.82
q:  0.46
T:  21.75
omega: 282.30
Omega: 168.21
