Radiante (J2000): 45.474688 59.349326
Vi: 65.46
Vg: 64.50
ar: 45.25
de: 59.55
i:  114.69
p:  2.43
a:  -2.21
e:  1.45
q:  0.99
T:  25.69
omega: 194.11
Omega: 159.49
