Radiante (J2000): 45.474688 59.349326
Vi: 56.59
Vg: 54.73
ar: 45.23
de: 59.61
i:  108.29
p:  1.61
a:  2.89
e:  0.64
q:  0.98
T:  20.73
omega: 203.98
Omega: 159.97
