Radiante (J2000): 27.574260 41.271320
Vi: 60.20
Vg: 59.15
ar: 27.34
de: 41.37
i:  119.89
p:  1.18
a:  17.30
e:  0.97
q:  0.60
T:  -46.19
omega: 260.10
Omega: 160.45
