Radiante (J2000): 27.574260 41.271320
Vi: 57.17
Vg: 53.88
ar: 27.31
de: 41.37
i:  114.67
p:  0.90
a:  2.57
e:  0.79
q:  0.50
T:  21.49
omega: 278.94
Omega: 160.93
