Radiante (J2000): 284.265858 76.086479
Vi: 36.36
Vg: 34.08
ar: 279.91
de: 76.78
i:  55.20
p:  1.91
a:  12.33
e:  0.89
q:  1.01
T:  25.67
omega: 178.61
Omega: 159.69
