Radiante (J2000): 284.265858 76.086479
Vi: 37.74
Vg: 36.04
ar: 280.12
de: 76.70
i:  57.06
p:  2.05
a:  -18.79
e:  1.03
q:  1.01
T:  25.66
omega: 178.60
Omega: 159.20
