2025-09-13T03:33:56.9942 F033356-001.jpg 
2025-09-13T03:33:57.0442 F033356-002.jpg 
2025-09-13T03:33:57.0942 F033356-003.jpg 
2025-09-13T03:33:57.1442 F033356-004.jpg 
2025-09-13T03:33:57.1942 F033356-005.jpg 
2025-09-13T03:33:57.2442 F033356-006.jpg 
2025-09-13T03:33:57.2942 F033356-007.jpg 
2025-09-13T03:33:57.3442 F033356-008.jpg 
2025-09-13T03:33:57.3942 F033356-009.jpg 
2025-09-13T03:33:57.4442 F033356-010.jpg 
2025-09-13T03:33:57.4942 F033356-011.jpg 
2025-09-13T03:33:57.5442 F033356-012.jpg 
2025-09-13T03:33:57.5942 F033356-013.jpg 
2025-09-13T03:33:57.6442 F033356-014.jpg 
2025-09-13T03:33:57.6942 F033356-015.jpg 
2025-09-13T03:33:57.7442 F033356-016.jpg 
2025-09-13T03:33:57.7942 F033356-017.jpg 
2025-09-13T03:33:57.8442 F033356-018.jpg 
2025-09-13T03:33:57.8942 F033356-019.jpg 
2025-09-13T03:33:57.9442 F033356-020.jpg 
2025-09-13T03:33:57.9942 F033356-021.jpg 
2025-09-13T03:33:58.0442 F033356-022.jpg 
2025-09-13T03:33:58.0942 F033356-023.jpg 
2025-09-13T03:33:58.1442 F033356-024.jpg 
2025-09-13T03:33:58.1942 F033356-025.jpg 
2025-09-13T03:33:58.2442 F033356-026.jpg 
2025-09-13T03:33:58.2942 F033356-027.jpg 
2025-09-13T03:33:58.3442 F033356-028.jpg 
2025-09-13T03:33:58.3942 F033356-029.jpg 
2025-09-13T03:33:58.4442 F033356-030.jpg 
