Radiante (J2000): 18.310511 -3.634668
Vi: 35.98
Vg: 34.03
ar: 18.25
de: -4.73
i:  20.81
p:  0.42
a:  2.25
e:  0.90
q:  0.22
T:  22.43
omega: 130.37
Omega: 354.40
