Radiante (J2000): 18.310511 -3.634668
Vi: 36.84
Vg: 35.10
ar: 18.24
de: -4.67
i:  22.02
p:  0.39
a:  2.48
e:  0.91
q:  0.20
T:  21.88
omega: 131.53
Omega: 353.92
