Radiante (J2000): 68.782927 27.206024
Vi: 105.67
Vg: 105.07
ar: 68.94
de: 27.25
i:  172.36
p:  5.87
a:  -0.21
e:  5.42
q:  0.90
T:  25.74
omega: 114.36
Omega: 266.89
