Radiante (J2000): 68.782927 27.206024
Vi: 79.57
Vg: 77.32
ar: 68.99
de: 27.21
i:  170.11
p:  2.26
a:  3.30
e:  1.75
q:  0.85
T:  14.66
omega: 128.21
Omega: 267.38
