Radiante (J2000): 252.840788 20.087471
Vi: 18.52
Vg: 14.76
ar: 249.31
de: 16.58
i:  12.55
p:  2.03
a:  -144.32
e:  1.01
q:  1.01
T:  25.67
omega: 177.01
Omega: 162.06
