Radiante (J2000): 252.840788 20.087471
Vi: 17.49
Vg: 12.77
ar: 248.62
de: 15.76
i:  11.04
p:  1.86
a:  8.42
e:  0.85
q:  1.01
T:  25.67
omega: 176.57
Omega: 162.54
