Radiante (J2000): 339.736764 0.381140
Vi: 19.06
Vg: 15.43
ar: 334.05
de: -4.39
i:  2.86
p:  1.17
a:  1.80
e:  0.59
q:  0.74
T:  23.40
omega: 254.03
Omega: 163.33
