Radiante (J2000): 339.736764 0.381140
Vi: 18.42
Vg: 14.42
ar: 333.44
de: -4.95
i:  2.52
p:  1.18
a:  1.72
e:  0.56
q:  0.76
T:  23.55
omega: 251.97
Omega: 163.81
