Radiante (J2000): 344.099420 49.541480
Vi: 26.89
Vg: 24.45
ar: 343.35
de: 50.31
i:  36.28
p:  1.18
a:  1.79
e:  0.59
q:  0.74
T:  23.45
omega: 252.88
Omega: 178.70
