Radiante (J2000): 344.099420 49.541480
Vi: 22.53
Vg: 19.17
ar: 343.57
de: 50.61
i:  29.19
p:  1.07
a:  1.30
e:  0.43
q:  0.75
T:  24.39
omega: 261.36
Omega: 179.18
