Radiante (J2000): 70.759497 23.170191
Vi: 67.22
Vg: 64.09
ar: 71.43
de: 23.07
i:  178.61
p:  1.44
a:  0.76
e:  0.57
q:  0.89
T:  22.68
omega: 256.13
Omega: 163.73
