Radiante (J2000): 70.759497 23.170191
Vi: 66.50
Vg: 65.54
ar: 71.41
de: 23.08
i:  178.61
p:  1.56
a:  -1.40
e:  0.66
q:  0.91
T:  25.44
omega: 268.91
Omega: 163.24
