Radiante (J2000): 310.212760 21.435432
Vi: 19.23
Vg: 15.63
ar: 306.92
de: 19.44
i:  15.24
p:  1.48
a:  2.73
e:  0.67
q:  0.89
T:  21.23
omega: 225.24
Omega: 160.28
