Radiante (J2000): 310.212760 21.435432
Vi: 19.10
Vg: 15.06
ar: 306.76
de: 19.33
i:  14.71
p:  1.47
a:  2.58
e:  0.65
q:  0.89
T:  21.63
omega: 224.69
Omega: 160.76
