Radiante (J2000): 290.079928 62.424293
Vi: 22.28
Vg: 19.13
ar: 285.73
de: 63.75
i:  32.45
p:  1.42
a:  1.89
e:  0.43
q:  1.00
T:  23.04
omega: 196.72
Omega: 163.08
