Radiante (J2000): 290.079928 62.424293
Vi: 26.33
Vg: 22.02
ar: 286.43
de: 63.38
i:  36.16
p:  1.56
a:  2.90
e:  0.57
q:  1.00
T:  20.18
omega: 195.09
Omega: 163.56
