Radiante (J2000): 98.424399 49.931058
Vi: 68.29
Vg: 67.36
ar: 98.89
de: 50.08
i:  133.11
p:  2.02
a:  -16.98
e:  1.22
q:  0.90
T:  25.64
omega: 143.66
Omega: 172.10
