Radiante (J2000): 98.424399 49.931058
Vi: 65.67
Vg: 63.85
ar: 98.92
de: 50.08
i:  131.68
p:  1.71
a:  6.41
e:  0.91
q:  0.89
T:  25.63
omega: 139.23
Omega: 172.59
