Radiante (J2000): 320.895250 67.873750
Vi: 15.39
Vg: 8.87
ar: 292.72
de: 66.73
i:  16.90
p:  1.04
a:  1.05
e:  0.06
q:  0.98
T:  24.76
omega: 239.65
Omega: 161.83
