Radiante (J2000): 320.895250 67.873750
Vi: 0.00
Vg: 0.00
ar: 0.00
de: 0.00
i:  0.00
p:  0.00
a:  0.00
e:  0.00
q:  0.00
T:  0.00
omega: 0.00
Omega: 0.00
