Radiante (J2000): 338.551980 22.439185
Vi: 21.97
Vg: 18.41
ar: 336.38
de: 21.07
i:  17.09
p:  1.03
a:  1.52
e:  0.56
q:  0.66
T:  23.95
omega: 267.76
Omega: 163.73
