Radiante (J2000): 338.551980 22.439185
Vi: 24.07
Vg: 21.32
ar: 336.71
de: 21.38
i:  19.96
p:  1.04
a:  1.80
e:  0.65
q:  0.63
T:  23.41
omega: 267.87
Omega: 163.24
