Radiante (J2000): 121.138269 29.578607
Vi: 55.80
Vg: 53.49
ar: 122.05
de: 29.30
i:  130.03
p:  0.19
a:  2.87
e:  1.04
q:  0.08
T:  25.59
omega: 29.60
Omega: 162.87
