Radiante (J2000): 121.138269 29.578607
Vi: 55.52
Vg: 54.35
ar: 122.05
de: 29.30
i:  128.43
p:  0.24
a:  2.16
e:  1.12
q:  0.09
T:  25.59
omega: 30.63
Omega: 162.39
