Radiante (J2000): 40.322450 8.469320
Vi: 67.59
Vg: 66.66
ar: 40.39
de: 8.39
i:  163.86
p:  0.97
a:  -4.58
e:  1.10
q:  0.46
T:  25.77
omega: 92.13
Omega: 340.42
