Radiante (J2000): 40.322450 8.469320
Vi: 63.68
Vg: 60.98
ar: 40.40
de: 8.35
i:  161.87
p:  0.66
a:  5.57
e:  0.92
q:  0.34
T:  11.13
omega: 112.61
Omega: 340.90
