Radiante (J2000): 354.770010 14.938130
Vi: 17.21
Vg: 12.78
ar: 348.21
de: 9.98
i:  6.33
p:  0.88
a:  1.07
e:  0.42
q:  0.62
T:  24.76
omega: 287.73
Omega: 163.85
