Radiante (J2000): 354.770010 14.938130
Vi: 19.53
Vg: 16.00
ar: 350.00
de: 11.44
i:  8.64
p:  0.81
a:  1.10
e:  0.51
q:  0.54
T:  24.70
omega: 292.54
Omega: 163.37
