Radiante (J2000): 283.037695 56.651343
Vi: 23.69
Vg: 20.87
ar: 278.08
de: 56.12
i:  31.76
p:  1.73
a:  3.79
e:  0.73
q:  1.00
T:  18.25
omega: 188.91
Omega: 172.85
