Radiante (J2000): 283.037695 56.651343
Vi: 27.31
Vg: 24.05
ar: 278.59
de: 56.13
i:  34.60
p:  1.95
a:  -0.53
e:  0.96
q:  1.00
T:  23.76
omega: 188.73
Omega: 173.33
