Radiante (J2000): 86.930060 -16.014860
Vi: 62.53
Vg: 61.08
ar: 87.37
de: -16.56
i:  113.36
p:  2.09
a:  -12.57
e:  1.09
q:  1.00
T:  25.68
omega: -11.54
Omega: 350.62
