Radiante (J2000): 86.930060 -16.014860
Vi: 66.27
Vg: 65.31
ar: 87.32
de: -16.50
i:  115.72
p:  2.47
a:  -2.07
e:  1.48
q:  1.00
T:  25.68
omega: -10.75
Omega: 350.13
