Radiante (J2000): 22.259953 10.550399
Vi: 40.66
Vg: 38.14
ar: 21.85
de: 9.95
i:  11.46
p:  0.16
a:  -0.44
e:  0.93
q:  0.09
T:  24.90
omega: 281.05
Omega: 227.84
