Radiante (J2000): 22.259953 10.550399
Vi: 47.05
Vg: 45.60
ar: 21.90
de: 10.13
i:  37.60
p:  0.10
a:  1.14
e:  0.97
q:  0.05
T:  23.85
omega: 285.54
Omega: 227.35
