Radiante (J2000): 30.643999 4.031092
Vi: 53.53
Vg: 51.23
ar: 30.54
de: 3.70
i:  132.34
p:  0.12
a:  2.88
e:  0.98
q:  0.06
T:  20.41
omega: 154.93
Omega: 343.81
