Radiante (J2000): 30.643999 4.031092
Vi: 57.49
Vg: 56.39
ar: 30.55
de: 3.78
i:  142.97
p:  0.22
a:  -0.87
e:  1.01
q:  0.11
T:  23.18
omega: 142.55
Omega: 343.32
