Radiante (J2000): 36.583596 10.591901
Vi: 64.74
Vg: 63.35
ar: 37.39
de: 10.33
i:  169.27
p:  0.71
a:  3990.31
e:  0.99
q:  0.35
T:  -684770.87
omega: 107.44
Omega: 339.74
