Radiante (J2000): 36.583596 10.591901
Vi: 63.60
Vg: 62.61
ar: 37.40
de: 10.32
i:  169.21
p:  0.69
a:  8.62
e:  0.95
q:  0.35
T:  0.31
omega: 109.22
Omega: 339.25
