Radiante (J2000): 58.306730 37.668960
Vi: 53.42
Vg: 52.23
ar: 59.11
de: 37.76
i:  139.11
p:  0.62
a:  0.94
e:  0.59
q:  0.39
T:  24.96
omega: 311.07
Omega: 173.90
