Radiante (J2000): 58.306730 37.668960
Vi: 67.09
Vg: 65.25
ar: 58.89
de: 37.81
i:  146.66
p:  1.38
a:  25.01
e:  0.93
q:  0.72
T:  -128.90
omega: 246.22
Omega: 174.39
