Radiante (J2000): 354.236386 29.683911
Vi: 22.94
Vg: 19.98
ar: 349.68
de: 26.71
i:  18.20
p:  1.06
a:  1.78
e:  0.62
q:  0.65
T:  23.47
omega: 265.00
Omega: 179.92
