Radiante (J2000): 354.236386 29.683911
Vi: 22.57
Vg: 19.51
ar: 349.65
de: 26.70
i:  17.66
p:  1.06
a:  1.71
e:  0.61
q:  0.66
T:  23.61
omega: 264.29
Omega: 180.41
