Radiante (J2000): 52.812498 62.663677
Vi: 53.88
Vg: 52.71
ar: 52.93
de: 63.11
i:  103.47
p:  1.55
a:  3.63
e:  0.64
q:  0.94
T:  17.88
omega: 213.23
Omega: 169.13
