Radiante (J2000): 278.893430 56.494670
Vi: 21.92
Vg: 18.42
ar: 274.06
de: 57.39
i:  29.26
p:  1.57
a:  2.34
e:  0.57
q:  1.00
T:  22.14
omega: 186.40
Omega: 173.27
