Radiante (J2000): 278.893430 56.494670
Vi: 23.71
Vg: 20.90
ar: 274.74
de: 57.15
i:  32.10
p:  1.71
a:  3.45
e:  0.71
q:  1.00
T:  19.30
omega: 186.48
Omega: 172.78
