Radiante (J2000): 52.812498 62.663677
Vi: 58.06
Vg: 55.86
ar: 52.90
de: 63.08
i:  106.02
p:  1.77
a:  -0.37
e:  0.85
q:  0.95
T:  9.76
omega: 207.08
Omega: 169.62
