Radiante (J2000): 10.941485 5.185908
Vi: 39.92
Vg: 38.32
ar: 10.98
de: 4.56
i:  0.92
p:  0.41
a:  17.03
e:  0.99
q:  0.21
T:  -96.28
omega: 148.55
Omega: 333.48
