Radiante (J2000): 10.941485 5.185908
Vi: 42.54
Vg: 34.60
ar: 11.20
de: 3.90
i:  1.20
p:  0.48
a:  5.00
e:  0.91
q:  0.26
T:  10.72
omega: 141.22
Omega: 323.15
